distortion_coeffs: [0.056013246555143226, -0.062309399277348985, -0.0010746305864452591, 0.0017794165769069621]
intrinsics: [985.0933164567922, 983.9588109858798, 749.9091642944052, 561.0803505513788]
resolution: [1440, 1080]