distortion_coeffs: [0.05112449274645115, -0.05418706500895034, -0.0007533524266332581, 0.00014899537645703405]
intrinsics: [988.5592181703918, 988.3680796965631, 741.0873496642902, 568.8184132098706]
resolution: [1440, 1080]