camera_model: pinhole
distortion_coeffs: [0.055451812462297904, -0.057536878560543465, -0.0006406763638866682, 0.001515917781534193]
distortion_model: radtan
intrinsics: [981.8951619143307, 981.1294874120889, 748.3536677688836, 565.7844926274421]
resolution: [1440, 1080]
rostopic: /blackfly_node/image
timeshift_cam_imu: 0.002741179389548295
